2019/08/14-13:41:22.039314 7faea9c3b700 RocksDB version: 5.15.10
2019/08/14-13:41:22.040876 7faea9c3b700 Git sha rocksdb_build_git_sha:
2019/08/14-13:41:22.040885 7faea9c3b700 Compile date Oct  9 2018
2019/08/14-13:41:22.040887 7faea9c3b700 DB SUMMARY
2019/08/14-13:41:22.041069 7faea9c3b700 CURRENT file:  CURRENT
2019/08/14-13:41:22.041073 7faea9c3b700 IDENTITY file:  IDENTITY
2019/08/14-13:41:22.041081 7faea9c3b700 MANIFEST file:  MANIFEST-000015 size: 1414 Bytes
2019/08/14-13:41:22.041086 7faea9c3b700 SST files in /var/lib/confluent-control-center/1/kafka-streams/_confluent-controlcenter-5-2-1-1/4_0/aggregatedTopicPartitionTableWindows-THREE_HOURS/aggregatedTopicPartitionTableWindows-THREE_HOURS.1542240000000 dir, Total Num: 2, files: 000024.sst 000025.sst 
2019/08/14-13:41:22.041088 7faea9c3b700 Write Ahead Log file in /var/lib/confluent-control-center/1/kafka-streams/_confluent-controlcenter-5-2-1-1/4_0/aggregatedTopicPartitionTableWindows-THREE_HOURS/aggregatedTopicPartitionTableWindows-THREE_HOURS.1542240000000: 000016.log size: 0 ; 
2019/08/14-13:41:22.041091 7faea9c3b700                         Options.error_if_exists: 0
2019/08/14-13:41:22.041092 7faea9c3b700                       Options.create_if_missing: 1
2019/08/14-13:41:22.041093 7faea9c3b700                         Options.paranoid_checks: 1
2019/08/14-13:41:22.041093 7faea9c3b700                                     Options.env: 0x7faef8ffa100
2019/08/14-13:41:22.041094 7faea9c3b700                                Options.info_log: 0x7fae58001630
2019/08/14-13:41:22.041095 7faea9c3b700                Options.max_file_opening_threads: 16
2019/08/14-13:41:22.041098 7faea9c3b700                              Options.statistics: (nil)
2019/08/14-13:41:22.041100 7faea9c3b700                               Options.use_fsync: 0
2019/08/14-13:41:22.041100 7faea9c3b700                       Options.max_log_file_size: 0
2019/08/14-13:41:22.041101 7faea9c3b700                  Options.max_manifest_file_size: 1073741824
2019/08/14-13:41:22.041102 7faea9c3b700                   Options.log_file_time_to_roll: 0
2019/08/14-13:41:22.041103 7faea9c3b700                       Options.keep_log_file_num: 1000
2019/08/14-13:41:22.041103 7faea9c3b700                    Options.recycle_log_file_num: 0
2019/08/14-13:41:22.041104 7faea9c3b700                         Options.allow_fallocate: 1
2019/08/14-13:41:22.041105 7faea9c3b700                        Options.allow_mmap_reads: 0
2019/08/14-13:41:22.041106 7faea9c3b700                       Options.allow_mmap_writes: 0
2019/08/14-13:41:22.041107 7faea9c3b700                        Options.use_direct_reads: 0
2019/08/14-13:41:22.041107 7faea9c3b700                        Options.use_direct_io_for_flush_and_compaction: 0
2019/08/14-13:41:22.041108 7faea9c3b700          Options.create_missing_column_families: 0
2019/08/14-13:41:22.041109 7faea9c3b700                              Options.db_log_dir: 
2019/08/14-13:41:22.041110 7faea9c3b700                                 Options.wal_dir: /var/lib/confluent-control-center/1/kafka-streams/_confluent-controlcenter-5-2-1-1/4_0/aggregatedTopicPartitionTableWindows-THREE_HOURS/aggregatedTopicPartitionTableWindows-THREE_HOURS.1542240000000
2019/08/14-13:41:22.041111 7faea9c3b700                Options.table_cache_numshardbits: 6
2019/08/14-13:41:22.041111 7faea9c3b700                      Options.max_subcompactions: 1
2019/08/14-13:41:22.041112 7faea9c3b700                  Options.max_background_flushes: -1
2019/08/14-13:41:22.041113 7faea9c3b700                         Options.WAL_ttl_seconds: 0
2019/08/14-13:41:22.041114 7faea9c3b700                       Options.WAL_size_limit_MB: 0
2019/08/14-13:41:22.041114 7faea9c3b700             Options.manifest_preallocation_size: 4194304
2019/08/14-13:41:22.041115 7faea9c3b700                     Options.is_fd_close_on_exec: 1
2019/08/14-13:41:22.041116 7faea9c3b700                   Options.advise_random_on_open: 1
2019/08/14-13:41:22.041118 7faea9c3b700                    Options.db_write_buffer_size: 0
2019/08/14-13:41:22.041119 7faea9c3b700                    Options.write_buffer_manager: 0x7fae58002c80
2019/08/14-13:41:22.041120 7faea9c3b700         Options.access_hint_on_compaction_start: 1
2019/08/14-13:41:22.041142 7faea9c3b700  Options.new_table_reader_for_compaction_inputs: 0
2019/08/14-13:41:22.041146 7faea9c3b700           Options.random_access_max_buffer_size: 1048576
2019/08/14-13:41:22.041147 7faea9c3b700                      Options.use_adaptive_mutex: 0
2019/08/14-13:41:22.041148 7faea9c3b700                            Options.rate_limiter: (nil)
2019/08/14-13:41:22.041149 7faea9c3b700     Options.sst_file_manager.rate_bytes_per_sec: 0
2019/08/14-13:41:22.041150 7faea9c3b700                       Options.wal_recovery_mode: 2
2019/08/14-13:41:22.041155 7faea9c3b700                  Options.enable_thread_tracking: 0
2019/08/14-13:41:22.041156 7faea9c3b700                  Options.enable_pipelined_write: 0
2019/08/14-13:41:22.041157 7faea9c3b700         Options.allow_concurrent_memtable_write: 1
2019/08/14-13:41:22.041159 7faea9c3b700      Options.enable_write_thread_adaptive_yield: 1
2019/08/14-13:41:22.041161 7faea9c3b700             Options.write_thread_max_yield_usec: 100
2019/08/14-13:41:22.041163 7faea9c3b700            Options.write_thread_slow_yield_usec: 3
2019/08/14-13:41:22.041164 7faea9c3b700                               Options.row_cache: None
2019/08/14-13:41:22.041165 7faea9c3b700                              Options.wal_filter: None
2019/08/14-13:41:22.041168 7faea9c3b700             Options.avoid_flush_during_recovery: 0
2019/08/14-13:41:22.041169 7faea9c3b700             Options.allow_ingest_behind: 0
2019/08/14-13:41:22.041170 7faea9c3b700             Options.preserve_deletes: 0
2019/08/14-13:41:22.041172 7faea9c3b700             Options.two_write_queues: 0
2019/08/14-13:41:22.041173 7faea9c3b700             Options.manual_wal_flush: 0
2019/08/14-13:41:22.041174 7faea9c3b700             Options.max_background_jobs: 8
2019/08/14-13:41:22.041177 7faea9c3b700             Options.max_background_compactions: -1
2019/08/14-13:41:22.041179 7faea9c3b700             Options.avoid_flush_during_shutdown: 0
2019/08/14-13:41:22.041180 7faea9c3b700           Options.writable_file_max_buffer_size: 1048576
2019/08/14-13:41:22.041181 7faea9c3b700             Options.delayed_write_rate : 16777216
2019/08/14-13:41:22.041183 7faea9c3b700             Options.max_total_wal_size: 0
2019/08/14-13:41:22.041184 7faea9c3b700             Options.delete_obsolete_files_period_micros: 21600000000
2019/08/14-13:41:22.041185 7faea9c3b700                   Options.stats_dump_period_sec: 600
2019/08/14-13:41:22.041186 7faea9c3b700                          Options.max_open_files: -1
2019/08/14-13:41:22.041186 7faea9c3b700                          Options.bytes_per_sync: 0
2019/08/14-13:41:22.041187 7faea9c3b700                      Options.wal_bytes_per_sync: 0
2019/08/14-13:41:22.041188 7faea9c3b700       Options.compaction_readahead_size: 0
2019/08/14-13:41:22.041189 7faea9c3b700 Compression algorithms supported:
2019/08/14-13:41:22.041190 7faea9c3b700 	kZSTDNotFinalCompression supported: 1
2019/08/14-13:41:22.041191 7faea9c3b700 	kZSTD supported: 1
2019/08/14-13:41:22.041192 7faea9c3b700 	kXpressCompression supported: 0
2019/08/14-13:41:22.041193 7faea9c3b700 	kLZ4HCCompression supported: 1
2019/08/14-13:41:22.041194 7faea9c3b700 	kLZ4Compression supported: 1
2019/08/14-13:41:22.041195 7faea9c3b700 	kBZip2Compression supported: 1
2019/08/14-13:41:22.041196 7faea9c3b700 	kZlibCompression supported: 1
2019/08/14-13:41:22.041197 7faea9c3b700 	kSnappyCompression supported: 1
2019/08/14-13:41:22.041199 7faea9c3b700 Fast CRC32 supported: Not supported on x86
2019/08/14-13:41:22.042055 7faea9c3b700               Options.comparator: leveldb.BytewiseComparator
2019/08/14-13:41:22.042058 7faea9c3b700           Options.merge_operator: None
2019/08/14-13:41:22.042059 7faea9c3b700        Options.compaction_filter: None
2019/08/14-13:41:22.042060 7faea9c3b700        Options.compaction_filter_factory: None
2019/08/14-13:41:22.042061 7faea9c3b700         Options.memtable_factory: SkipListFactory
2019/08/14-13:41:22.042062 7faea9c3b700            Options.table_factory: BlockBasedTable
2019/08/14-13:41:22.042192 7faea9c3b700            table_factory options:   flush_block_policy_factory: FlushBlockBySizePolicyFactory (0x7fae58009370)
  cache_index_and_filter_blocks: 0
  cache_index_and_filter_blocks_with_high_priority: 0
  pin_l0_filter_and_index_blocks_in_cache: 0
  pin_top_level_index_and_filter: 1
  index_type: 0
  hash_index_allow_collision: 1
  checksum: 1
  no_block_cache: 0
  block_cache: 0x7fae5800ad60
  block_cache_name: LRUCache
  block_cache_options:
    capacity : 52428800
    num_shard_bits : 6
    strict_capacity_limit : 0
    high_pri_pool_ratio: 0.000
  block_cache_compressed: (nil)
  persistent_cache: (nil)
  block_size: 4096
  block_size_deviation: 10
  block_restart_interval: 16
  index_block_restart_interval: 1
  metadata_block_size: 4096
  partition_filters: 0
  use_delta_encoding: 1
  filter_policy: rocksdb.BuiltinBloomFilter
  whole_key_filtering: 1
  verify_compression: 0
  read_amp_bytes_per_bit: 0
  format_version: 0
  enable_index_compression: 1
  block_align: 0
2019/08/14-13:41:22.042195 7faea9c3b700        Options.write_buffer_size: 16777216
2019/08/14-13:41:22.042195 7faea9c3b700  Options.max_write_buffer_number: 3
2019/08/14-13:41:22.042197 7faea9c3b700          Options.compression: NoCompression
2019/08/14-13:41:22.042198 7faea9c3b700                  Options.bottommost_compression: Disabled
2019/08/14-13:41:22.042199 7faea9c3b700       Options.prefix_extractor: nullptr
2019/08/14-13:41:22.042199 7faea9c3b700   Options.memtable_insert_with_hint_prefix_extractor: nullptr
2019/08/14-13:41:22.042200 7faea9c3b700             Options.num_levels: 7
2019/08/14-13:41:22.042201 7faea9c3b700        Options.min_write_buffer_number_to_merge: 1
2019/08/14-13:41:22.042202 7faea9c3b700     Options.max_write_buffer_number_to_maintain: 0
2019/08/14-13:41:22.042202 7faea9c3b700            Options.bottommost_compression_opts.window_bits: -14
2019/08/14-13:41:22.042203 7faea9c3b700                  Options.bottommost_compression_opts.level: 32767
2019/08/14-13:41:22.042204 7faea9c3b700               Options.bottommost_compression_opts.strategy: 0
2019/08/14-13:41:22.042205 7faea9c3b700         Options.bottommost_compression_opts.max_dict_bytes: 0
2019/08/14-13:41:22.042206 7faea9c3b700         Options.bottommost_compression_opts.zstd_max_train_bytes: 0
2019/08/14-13:41:22.042207 7faea9c3b700                  Options.bottommost_compression_opts.enabled: false
2019/08/14-13:41:22.042207 7faea9c3b700            Options.compression_opts.window_bits: -14
2019/08/14-13:41:22.042208 7faea9c3b700                  Options.compression_opts.level: 32767
2019/08/14-13:41:22.042209 7faea9c3b700               Options.compression_opts.strategy: 0
2019/08/14-13:41:22.042210 7faea9c3b700         Options.compression_opts.max_dict_bytes: 0
2019/08/14-13:41:22.042210 7faea9c3b700         Options.compression_opts.zstd_max_train_bytes: 0
2019/08/14-13:41:22.042214 7faea9c3b700                  Options.compression_opts.enabled: false
2019/08/14-13:41:22.042214 7faea9c3b700      Options.level0_file_num_compaction_trigger: 4
2019/08/14-13:41:22.042215 7faea9c3b700          Options.level0_slowdown_writes_trigger: 20
2019/08/14-13:41:22.042216 7faea9c3b700              Options.level0_stop_writes_trigger: 36
2019/08/14-13:41:22.042217 7faea9c3b700                   Options.target_file_size_base: 67108864
2019/08/14-13:41:22.042218 7faea9c3b700             Options.target_file_size_multiplier: 1
2019/08/14-13:41:22.042218 7faea9c3b700                Options.max_bytes_for_level_base: 268435456
2019/08/14-13:41:22.042219 7faea9c3b700 Options.level_compaction_dynamic_level_bytes: 0
2019/08/14-13:41:22.042220 7faea9c3b700          Options.max_bytes_for_level_multiplier: 10.000000
2019/08/14-13:41:22.042222 7faea9c3b700 Options.max_bytes_for_level_multiplier_addtl[0]: 1
2019/08/14-13:41:22.042222 7faea9c3b700 Options.max_bytes_for_level_multiplier_addtl[1]: 1
2019/08/14-13:41:22.042223 7faea9c3b700 Options.max_bytes_for_level_multiplier_addtl[2]: 1
2019/08/14-13:41:22.042224 7faea9c3b700 Options.max_bytes_for_level_multiplier_addtl[3]: 1
2019/08/14-13:41:22.042231 7faea9c3b700 Options.max_bytes_for_level_multiplier_addtl[4]: 1
2019/08/14-13:41:22.042232 7faea9c3b700 Options.max_bytes_for_level_multiplier_addtl[5]: 1
2019/08/14-13:41:22.042232 7faea9c3b700 Options.max_bytes_for_level_multiplier_addtl[6]: 1
2019/08/14-13:41:22.042233 7faea9c3b700       Options.max_sequential_skip_in_iterations: 8
2019/08/14-13:41:22.042234 7faea9c3b700                    Options.max_compaction_bytes: 1677721600
2019/08/14-13:41:22.042235 7faea9c3b700                        Options.arena_block_size: 2097152
2019/08/14-13:41:22.042236 7faea9c3b700   Options.soft_pending_compaction_bytes_limit: 68719476736
2019/08/14-13:41:22.042236 7faea9c3b700   Options.hard_pending_compaction_bytes_limit: 274877906944
2019/08/14-13:41:22.042237 7faea9c3b700       Options.rate_limit_delay_max_milliseconds: 100
2019/08/14-13:41:22.042238 7faea9c3b700                Options.disable_auto_compactions: 0
2019/08/14-13:41:22.042239 7faea9c3b700                        Options.compaction_style: kCompactionStyleUniversal
2019/08/14-13:41:22.042240 7faea9c3b700                          Options.compaction_pri: kByCompensatedSize
2019/08/14-13:41:22.042241 7faea9c3b700 Options.compaction_options_universal.size_ratio: 1
2019/08/14-13:41:22.042242 7faea9c3b700 Options.compaction_options_universal.min_merge_width: 2
2019/08/14-13:41:22.042243 7faea9c3b700 Options.compaction_options_universal.max_merge_width: 4294967295
2019/08/14-13:41:22.042243 7faea9c3b700 Options.compaction_options_universal.max_size_amplification_percent: 200
2019/08/14-13:41:22.042244 7faea9c3b700 Options.compaction_options_universal.compression_size_percent: -1
2019/08/14-13:41:22.042245 7faea9c3b700 Options.compaction_options_universal.stop_style: kCompactionStopStyleTotalSize
2019/08/14-13:41:22.042246 7faea9c3b700 Options.compaction_options_fifo.max_table_files_size: 1073741824
2019/08/14-13:41:22.042247 7faea9c3b700 Options.compaction_options_fifo.allow_compaction: 0
2019/08/14-13:41:22.042248 7faea9c3b700 Options.compaction_options_fifo.ttl: 0
2019/08/14-13:41:22.042249 7faea9c3b700                   Options.table_properties_collectors: 
2019/08/14-13:41:22.042250 7faea9c3b700                   Options.inplace_update_support: 0
2019/08/14-13:41:22.042252 7faea9c3b700                 Options.inplace_update_num_locks: 10000
2019/08/14-13:41:22.042253 7faea9c3b700               Options.memtable_prefix_bloom_size_ratio: 0.000000
2019/08/14-13:41:22.042254 7faea9c3b700   Options.memtable_huge_page_size: 0
2019/08/14-13:41:22.042255 7faea9c3b700                           Options.bloom_locality: 0
2019/08/14-13:41:22.042257 7faea9c3b700                    Options.max_successive_merges: 0
2019/08/14-13:41:22.042258 7faea9c3b700                Options.optimize_filters_for_hits: 0
2019/08/14-13:41:22.042258 7faea9c3b700                Options.paranoid_file_checks: 0
2019/08/14-13:41:22.042259 7faea9c3b700                Options.force_consistency_checks: 0
2019/08/14-13:41:22.042260 7faea9c3b700                Options.report_bg_io_stats: 0
2019/08/14-13:41:22.042261 7faea9c3b700                               Options.ttl: 0
