2019/09/08-06:56:22.968031 7f7e3b1f8700 RocksDB version: 5.15.10
2019/09/08-06:56:22.968117 7f7e3b1f8700 Git sha rocksdb_build_git_sha:
2019/09/08-06:56:22.968119 7f7e3b1f8700 Compile date Oct  9 2018
2019/09/08-06:56:22.968121 7f7e3b1f8700 DB SUMMARY
2019/09/08-06:56:22.968168 7f7e3b1f8700 CURRENT file:  CURRENT
2019/09/08-06:56:22.968170 7f7e3b1f8700 IDENTITY file:  IDENTITY
2019/09/08-06:56:22.968175 7f7e3b1f8700 MANIFEST file:  MANIFEST-000089 size: 967 Bytes
2019/09/08-06:56:22.968179 7f7e3b1f8700 SST files in /var/lib/confluent-control-center/1/kafka-streams/_confluent-controlcenter-5-2-1-1/6_0/MonitoringStream-ONE_MINUTE/MonitoringStream-ONE_MINUTE.1567641600000 dir, Total Num: 2, files: 000067.sst 000094.sst 
2019/09/08-06:56:22.968181 7f7e3b1f8700 Write Ahead Log file in /var/lib/confluent-control-center/1/kafka-streams/_confluent-controlcenter-5-2-1-1/6_0/MonitoringStream-ONE_MINUTE/MonitoringStream-ONE_MINUTE.1567641600000: 000090.log size: 0 ; 
2019/09/08-06:56:22.968184 7f7e3b1f8700                         Options.error_if_exists: 0
2019/09/08-06:56:22.968185 7f7e3b1f8700                       Options.create_if_missing: 1
2019/09/08-06:56:22.968186 7f7e3b1f8700                         Options.paranoid_checks: 1
2019/09/08-06:56:22.968187 7f7e3b1f8700                                     Options.env: 0x7f7eb5941100
2019/09/08-06:56:22.968188 7f7e3b1f8700                                Options.info_log: 0x7f7dd000da40
2019/09/08-06:56:22.968189 7f7e3b1f8700                Options.max_file_opening_threads: 16
2019/09/08-06:56:22.968190 7f7e3b1f8700                              Options.statistics: (nil)
2019/09/08-06:56:22.968192 7f7e3b1f8700                               Options.use_fsync: 0
2019/09/08-06:56:22.968194 7f7e3b1f8700                       Options.max_log_file_size: 0
2019/09/08-06:56:22.968195 7f7e3b1f8700                  Options.max_manifest_file_size: 1073741824
2019/09/08-06:56:22.968196 7f7e3b1f8700                   Options.log_file_time_to_roll: 0
2019/09/08-06:56:22.968197 7f7e3b1f8700                       Options.keep_log_file_num: 1000
2019/09/08-06:56:22.968198 7f7e3b1f8700                    Options.recycle_log_file_num: 0
2019/09/08-06:56:22.968199 7f7e3b1f8700                         Options.allow_fallocate: 1
2019/09/08-06:56:22.968200 7f7e3b1f8700                        Options.allow_mmap_reads: 0
2019/09/08-06:56:22.968201 7f7e3b1f8700                       Options.allow_mmap_writes: 0
2019/09/08-06:56:22.968202 7f7e3b1f8700                        Options.use_direct_reads: 0
2019/09/08-06:56:22.968203 7f7e3b1f8700                        Options.use_direct_io_for_flush_and_compaction: 0
2019/09/08-06:56:22.968204 7f7e3b1f8700          Options.create_missing_column_families: 0
2019/09/08-06:56:22.968205 7f7e3b1f8700                              Options.db_log_dir: 
2019/09/08-06:56:22.968206 7f7e3b1f8700                                 Options.wal_dir: /var/lib/confluent-control-center/1/kafka-streams/_confluent-controlcenter-5-2-1-1/6_0/MonitoringStream-ONE_MINUTE/MonitoringStream-ONE_MINUTE.1567641600000
2019/09/08-06:56:22.968207 7f7e3b1f8700                Options.table_cache_numshardbits: 6
2019/09/08-06:56:22.968208 7f7e3b1f8700                      Options.max_subcompactions: 1
2019/09/08-06:56:22.968209 7f7e3b1f8700                  Options.max_background_flushes: -1
2019/09/08-06:56:22.968210 7f7e3b1f8700                         Options.WAL_ttl_seconds: 0
2019/09/08-06:56:22.968211 7f7e3b1f8700                       Options.WAL_size_limit_MB: 0
2019/09/08-06:56:22.968212 7f7e3b1f8700             Options.manifest_preallocation_size: 4194304
2019/09/08-06:56:22.968213 7f7e3b1f8700                     Options.is_fd_close_on_exec: 1
2019/09/08-06:56:22.968214 7f7e3b1f8700                   Options.advise_random_on_open: 1
2019/09/08-06:56:22.968215 7f7e3b1f8700                    Options.db_write_buffer_size: 0
2019/09/08-06:56:22.968216 7f7e3b1f8700                    Options.write_buffer_manager: 0x7f7dd0015210
2019/09/08-06:56:22.968217 7f7e3b1f8700         Options.access_hint_on_compaction_start: 1
2019/09/08-06:56:22.968218 7f7e3b1f8700  Options.new_table_reader_for_compaction_inputs: 0
2019/09/08-06:56:22.968233 7f7e3b1f8700           Options.random_access_max_buffer_size: 1048576
2019/09/08-06:56:22.968235 7f7e3b1f8700                      Options.use_adaptive_mutex: 0
2019/09/08-06:56:22.968236 7f7e3b1f8700                            Options.rate_limiter: (nil)
2019/09/08-06:56:22.968238 7f7e3b1f8700     Options.sst_file_manager.rate_bytes_per_sec: 0
2019/09/08-06:56:22.968239 7f7e3b1f8700                       Options.wal_recovery_mode: 2
2019/09/08-06:56:22.968240 7f7e3b1f8700                  Options.enable_thread_tracking: 0
2019/09/08-06:56:22.968241 7f7e3b1f8700                  Options.enable_pipelined_write: 0
2019/09/08-06:56:22.968242 7f7e3b1f8700         Options.allow_concurrent_memtable_write: 1
2019/09/08-06:56:22.968243 7f7e3b1f8700      Options.enable_write_thread_adaptive_yield: 1
2019/09/08-06:56:22.968244 7f7e3b1f8700             Options.write_thread_max_yield_usec: 100
2019/09/08-06:56:22.968245 7f7e3b1f8700            Options.write_thread_slow_yield_usec: 3
2019/09/08-06:56:22.968246 7f7e3b1f8700                               Options.row_cache: None
2019/09/08-06:56:22.968247 7f7e3b1f8700                              Options.wal_filter: None
2019/09/08-06:56:22.968248 7f7e3b1f8700             Options.avoid_flush_during_recovery: 0
2019/09/08-06:56:22.968249 7f7e3b1f8700             Options.allow_ingest_behind: 0
2019/09/08-06:56:22.968251 7f7e3b1f8700             Options.preserve_deletes: 0
2019/09/08-06:56:22.968252 7f7e3b1f8700             Options.two_write_queues: 0
2019/09/08-06:56:22.968253 7f7e3b1f8700             Options.manual_wal_flush: 0
2019/09/08-06:56:22.968254 7f7e3b1f8700             Options.max_background_jobs: 8
2019/09/08-06:56:22.968255 7f7e3b1f8700             Options.max_background_compactions: -1
2019/09/08-06:56:22.968256 7f7e3b1f8700             Options.avoid_flush_during_shutdown: 0
2019/09/08-06:56:22.968257 7f7e3b1f8700           Options.writable_file_max_buffer_size: 1048576
2019/09/08-06:56:22.968258 7f7e3b1f8700             Options.delayed_write_rate : 16777216
2019/09/08-06:56:22.968259 7f7e3b1f8700             Options.max_total_wal_size: 0
2019/09/08-06:56:22.968260 7f7e3b1f8700             Options.delete_obsolete_files_period_micros: 21600000000
2019/09/08-06:56:22.968261 7f7e3b1f8700                   Options.stats_dump_period_sec: 600
2019/09/08-06:56:22.968262 7f7e3b1f8700                          Options.max_open_files: -1
2019/09/08-06:56:22.968264 7f7e3b1f8700                          Options.bytes_per_sync: 0
2019/09/08-06:56:22.968265 7f7e3b1f8700                      Options.wal_bytes_per_sync: 0
2019/09/08-06:56:22.968266 7f7e3b1f8700       Options.compaction_readahead_size: 0
2019/09/08-06:56:22.968267 7f7e3b1f8700 Compression algorithms supported:
2019/09/08-06:56:22.968268 7f7e3b1f8700 	kZSTDNotFinalCompression supported: 1
2019/09/08-06:56:22.968271 7f7e3b1f8700 	kZSTD supported: 1
2019/09/08-06:56:22.968272 7f7e3b1f8700 	kXpressCompression supported: 0
2019/09/08-06:56:22.968274 7f7e3b1f8700 	kLZ4HCCompression supported: 1
2019/09/08-06:56:22.968275 7f7e3b1f8700 	kLZ4Compression supported: 1
2019/09/08-06:56:22.968276 7f7e3b1f8700 	kBZip2Compression supported: 1
2019/09/08-06:56:22.968278 7f7e3b1f8700 	kZlibCompression supported: 1
2019/09/08-06:56:22.968279 7f7e3b1f8700 	kSnappyCompression supported: 1
2019/09/08-06:56:22.968282 7f7e3b1f8700 Fast CRC32 supported: Not supported on x86
2019/09/08-06:56:22.968681 7f7e3b1f8700               Options.comparator: leveldb.BytewiseComparator
2019/09/08-06:56:22.968685 7f7e3b1f8700           Options.merge_operator: None
2019/09/08-06:56:22.968687 7f7e3b1f8700        Options.compaction_filter: None
2019/09/08-06:56:22.968688 7f7e3b1f8700        Options.compaction_filter_factory: None
2019/09/08-06:56:22.968689 7f7e3b1f8700         Options.memtable_factory: SkipListFactory
2019/09/08-06:56:22.968691 7f7e3b1f8700            Options.table_factory: BlockBasedTable
2019/09/08-06:56:22.968723 7f7e3b1f8700            table_factory options:   flush_block_policy_factory: FlushBlockBySizePolicyFactory (0x7f7dd00107d0)
  cache_index_and_filter_blocks: 0
  cache_index_and_filter_blocks_with_high_priority: 0
  pin_l0_filter_and_index_blocks_in_cache: 0
  pin_top_level_index_and_filter: 1
  index_type: 0
  hash_index_allow_collision: 1
  checksum: 1
  no_block_cache: 0
  block_cache: 0x7f7dd0011160
  block_cache_name: LRUCache
  block_cache_options:
    capacity : 52428800
    num_shard_bits : 6
    strict_capacity_limit : 0
    high_pri_pool_ratio: 0.000
  block_cache_compressed: (nil)
  persistent_cache: (nil)
  block_size: 4096
  block_size_deviation: 10
  block_restart_interval: 16
  index_block_restart_interval: 1
  metadata_block_size: 4096
  partition_filters: 0
  use_delta_encoding: 1
  filter_policy: rocksdb.BuiltinBloomFilter
  whole_key_filtering: 1
  verify_compression: 0
  read_amp_bytes_per_bit: 0
  format_version: 0
  enable_index_compression: 1
  block_align: 0
2019/09/08-06:56:22.968747 7f7e3b1f8700        Options.write_buffer_size: 16777216
2019/09/08-06:56:22.968748 7f7e3b1f8700  Options.max_write_buffer_number: 3
2019/09/08-06:56:22.968750 7f7e3b1f8700          Options.compression: NoCompression
2019/09/08-06:56:22.968752 7f7e3b1f8700                  Options.bottommost_compression: Disabled
2019/09/08-06:56:22.968753 7f7e3b1f8700       Options.prefix_extractor: nullptr
2019/09/08-06:56:22.968754 7f7e3b1f8700   Options.memtable_insert_with_hint_prefix_extractor: nullptr
2019/09/08-06:56:22.968755 7f7e3b1f8700             Options.num_levels: 7
2019/09/08-06:56:22.968757 7f7e3b1f8700        Options.min_write_buffer_number_to_merge: 1
2019/09/08-06:56:22.968758 7f7e3b1f8700     Options.max_write_buffer_number_to_maintain: 0
2019/09/08-06:56:22.968759 7f7e3b1f8700            Options.bottommost_compression_opts.window_bits: -14
2019/09/08-06:56:22.968760 7f7e3b1f8700                  Options.bottommost_compression_opts.level: 32767
2019/09/08-06:56:22.968761 7f7e3b1f8700               Options.bottommost_compression_opts.strategy: 0
2019/09/08-06:56:22.968762 7f7e3b1f8700         Options.bottommost_compression_opts.max_dict_bytes: 0
2019/09/08-06:56:22.968763 7f7e3b1f8700         Options.bottommost_compression_opts.zstd_max_train_bytes: 0
2019/09/08-06:56:22.968765 7f7e3b1f8700                  Options.bottommost_compression_opts.enabled: false
2019/09/08-06:56:22.968766 7f7e3b1f8700            Options.compression_opts.window_bits: -14
2019/09/08-06:56:22.968767 7f7e3b1f8700                  Options.compression_opts.level: 32767
2019/09/08-06:56:22.968768 7f7e3b1f8700               Options.compression_opts.strategy: 0
2019/09/08-06:56:22.968769 7f7e3b1f8700         Options.compression_opts.max_dict_bytes: 0
2019/09/08-06:56:22.968771 7f7e3b1f8700         Options.compression_opts.zstd_max_train_bytes: 0
2019/09/08-06:56:22.968772 7f7e3b1f8700                  Options.compression_opts.enabled: false
2019/09/08-06:56:22.968773 7f7e3b1f8700      Options.level0_file_num_compaction_trigger: 4
2019/09/08-06:56:22.968774 7f7e3b1f8700          Options.level0_slowdown_writes_trigger: 20
2019/09/08-06:56:22.968775 7f7e3b1f8700              Options.level0_stop_writes_trigger: 36
2019/09/08-06:56:22.968776 7f7e3b1f8700                   Options.target_file_size_base: 67108864
2019/09/08-06:56:22.968777 7f7e3b1f8700             Options.target_file_size_multiplier: 1
2019/09/08-06:56:22.968779 7f7e3b1f8700                Options.max_bytes_for_level_base: 268435456
2019/09/08-06:56:22.968780 7f7e3b1f8700 Options.level_compaction_dynamic_level_bytes: 0
2019/09/08-06:56:22.968781 7f7e3b1f8700          Options.max_bytes_for_level_multiplier: 10.000000
2019/09/08-06:56:22.968784 7f7e3b1f8700 Options.max_bytes_for_level_multiplier_addtl[0]: 1
2019/09/08-06:56:22.968785 7f7e3b1f8700 Options.max_bytes_for_level_multiplier_addtl[1]: 1
2019/09/08-06:56:22.968786 7f7e3b1f8700 Options.max_bytes_for_level_multiplier_addtl[2]: 1
2019/09/08-06:56:22.968787 7f7e3b1f8700 Options.max_bytes_for_level_multiplier_addtl[3]: 1
2019/09/08-06:56:22.968789 7f7e3b1f8700 Options.max_bytes_for_level_multiplier_addtl[4]: 1
2019/09/08-06:56:22.968796 7f7e3b1f8700 Options.max_bytes_for_level_multiplier_addtl[5]: 1
2019/09/08-06:56:22.968798 7f7e3b1f8700 Options.max_bytes_for_level_multiplier_addtl[6]: 1
2019/09/08-06:56:22.968799 7f7e3b1f8700       Options.max_sequential_skip_in_iterations: 8
2019/09/08-06:56:22.968800 7f7e3b1f8700                    Options.max_compaction_bytes: 1677721600
2019/09/08-06:56:22.968801 7f7e3b1f8700                        Options.arena_block_size: 2097152
2019/09/08-06:56:22.968802 7f7e3b1f8700   Options.soft_pending_compaction_bytes_limit: 68719476736
2019/09/08-06:56:22.968803 7f7e3b1f8700   Options.hard_pending_compaction_bytes_limit: 274877906944
2019/09/08-06:56:22.968805 7f7e3b1f8700       Options.rate_limit_delay_max_milliseconds: 100
2019/09/08-06:56:22.968806 7f7e3b1f8700                Options.disable_auto_compactions: 0
2019/09/08-06:56:22.968808 7f7e3b1f8700                        Options.compaction_style: kCompactionStyleUniversal
2019/09/08-06:56:22.968809 7f7e3b1f8700                          Options.compaction_pri: kByCompensatedSize
2019/09/08-06:56:22.968811 7f7e3b1f8700 Options.compaction_options_universal.size_ratio: 1
2019/09/08-06:56:22.968812 7f7e3b1f8700 Options.compaction_options_universal.min_merge_width: 2
2019/09/08-06:56:22.968813 7f7e3b1f8700 Options.compaction_options_universal.max_merge_width: 4294967295
2019/09/08-06:56:22.968814 7f7e3b1f8700 Options.compaction_options_universal.max_size_amplification_percent: 200
2019/09/08-06:56:22.968815 7f7e3b1f8700 Options.compaction_options_universal.compression_size_percent: -1
2019/09/08-06:56:22.968817 7f7e3b1f8700 Options.compaction_options_universal.stop_style: kCompactionStopStyleTotalSize
2019/09/08-06:56:22.968818 7f7e3b1f8700 Options.compaction_options_fifo.max_table_files_size: 1073741824
2019/09/08-06:56:22.968819 7f7e3b1f8700 Options.compaction_options_fifo.allow_compaction: 0
2019/09/08-06:56:22.968820 7f7e3b1f8700 Options.compaction_options_fifo.ttl: 0
2019/09/08-06:56:22.968821 7f7e3b1f8700                   Options.table_properties_collectors: 
2019/09/08-06:56:22.968823 7f7e3b1f8700                   Options.inplace_update_support: 0
2019/09/08-06:56:22.968824 7f7e3b1f8700                 Options.inplace_update_num_locks: 10000
2019/09/08-06:56:22.968825 7f7e3b1f8700               Options.memtable_prefix_bloom_size_ratio: 0.000000
2019/09/08-06:56:22.968827 7f7e3b1f8700   Options.memtable_huge_page_size: 0
2019/09/08-06:56:22.968828 7f7e3b1f8700                           Options.bloom_locality: 0
2019/09/08-06:56:22.968829 7f7e3b1f8700                    Options.max_successive_merges: 0
2019/09/08-06:56:22.968830 7f7e3b1f8700                Options.optimize_filters_for_hits: 0
2019/09/08-06:56:22.968831 7f7e3b1f8700                Options.paranoid_file_checks: 0
2019/09/08-06:56:22.968832 7f7e3b1f8700                Options.force_consistency_checks: 0
2019/09/08-06:56:22.968833 7f7e3b1f8700                Options.report_bg_io_stats: 0
2019/09/08-06:56:22.968835 7f7e3b1f8700                               Options.ttl: 0
