2019/08/29-14:19:38.249009 7f2c21214700 RocksDB version: 5.15.10
2019/08/29-14:19:38.249186 7f2c21214700 Git sha rocksdb_build_git_sha:
2019/08/29-14:19:38.249189 7f2c21214700 Compile date Oct  9 2018
2019/08/29-14:19:38.249190 7f2c21214700 DB SUMMARY
2019/08/29-14:19:38.249683 7f2c21214700 CURRENT file:  CURRENT
2019/08/29-14:19:38.249686 7f2c21214700 IDENTITY file:  IDENTITY
2019/08/29-14:19:38.249693 7f2c21214700 MANIFEST file:  MANIFEST-000342 size: 524 Bytes
2019/08/29-14:19:38.249696 7f2c21214700 SST files in /var/lib/confluent-control-center/1/kafka-streams/_confluent-controlcenter-5-2-1-1/5_0/MonitoringMessageAggregatorWindows-THREE_HOURS/MonitoringMessageAggregatorWindows-THREE_HOURS.1542240000000 dir, Total Num: 3, files: 000130.sst 000330.sst 000331.sst 
2019/08/29-14:19:38.249698 7f2c21214700 Write Ahead Log file in /var/lib/confluent-control-center/1/kafka-streams/_confluent-controlcenter-5-2-1-1/5_0/MonitoringMessageAggregatorWindows-THREE_HOURS/MonitoringMessageAggregatorWindows-THREE_HOURS.1542240000000: 000343.log size: 0 ; 
2019/08/29-14:19:38.249701 7f2c21214700                         Options.error_if_exists: 0
2019/08/29-14:19:38.249703 7f2c21214700                       Options.create_if_missing: 1
2019/08/29-14:19:38.249704 7f2c21214700                         Options.paranoid_checks: 1
2019/08/29-14:19:38.249705 7f2c21214700                                     Options.env: 0x7f2c6caf7100
2019/08/29-14:19:38.249706 7f2c21214700                                Options.info_log: 0x7f2bbc0056e0
2019/08/29-14:19:38.249707 7f2c21214700                Options.max_file_opening_threads: 16
2019/08/29-14:19:38.249709 7f2c21214700                              Options.statistics: (nil)
2019/08/29-14:19:38.249710 7f2c21214700                               Options.use_fsync: 0
2019/08/29-14:19:38.249711 7f2c21214700                       Options.max_log_file_size: 0
2019/08/29-14:19:38.249712 7f2c21214700                  Options.max_manifest_file_size: 1073741824
2019/08/29-14:19:38.249715 7f2c21214700                   Options.log_file_time_to_roll: 0
2019/08/29-14:19:38.249717 7f2c21214700                       Options.keep_log_file_num: 1000
2019/08/29-14:19:38.249718 7f2c21214700                    Options.recycle_log_file_num: 0
2019/08/29-14:19:38.249719 7f2c21214700                         Options.allow_fallocate: 1
2019/08/29-14:19:38.249720 7f2c21214700                        Options.allow_mmap_reads: 0
2019/08/29-14:19:38.249721 7f2c21214700                       Options.allow_mmap_writes: 0
2019/08/29-14:19:38.249722 7f2c21214700                        Options.use_direct_reads: 0
2019/08/29-14:19:38.249723 7f2c21214700                        Options.use_direct_io_for_flush_and_compaction: 0
2019/08/29-14:19:38.249725 7f2c21214700          Options.create_missing_column_families: 0
2019/08/29-14:19:38.249726 7f2c21214700                              Options.db_log_dir: 
2019/08/29-14:19:38.249727 7f2c21214700                                 Options.wal_dir: /var/lib/confluent-control-center/1/kafka-streams/_confluent-controlcenter-5-2-1-1/5_0/MonitoringMessageAggregatorWindows-THREE_HOURS/MonitoringMessageAggregatorWindows-THREE_HOURS.1542240000000
2019/08/29-14:19:38.249728 7f2c21214700                Options.table_cache_numshardbits: 6
2019/08/29-14:19:38.249729 7f2c21214700                      Options.max_subcompactions: 1
2019/08/29-14:19:38.249731 7f2c21214700                  Options.max_background_flushes: -1
2019/08/29-14:19:38.249732 7f2c21214700                         Options.WAL_ttl_seconds: 0
2019/08/29-14:19:38.249733 7f2c21214700                       Options.WAL_size_limit_MB: 0
2019/08/29-14:19:38.249734 7f2c21214700             Options.manifest_preallocation_size: 4194304
2019/08/29-14:19:38.249735 7f2c21214700                     Options.is_fd_close_on_exec: 1
2019/08/29-14:19:38.249737 7f2c21214700                   Options.advise_random_on_open: 1
2019/08/29-14:19:38.249738 7f2c21214700                    Options.db_write_buffer_size: 0
2019/08/29-14:19:38.249739 7f2c21214700                    Options.write_buffer_manager: 0x7f2bbc00ff90
2019/08/29-14:19:38.249740 7f2c21214700         Options.access_hint_on_compaction_start: 1
2019/08/29-14:19:38.249754 7f2c21214700  Options.new_table_reader_for_compaction_inputs: 0
2019/08/29-14:19:38.249756 7f2c21214700           Options.random_access_max_buffer_size: 1048576
2019/08/29-14:19:38.249757 7f2c21214700                      Options.use_adaptive_mutex: 0
2019/08/29-14:19:38.249758 7f2c21214700                            Options.rate_limiter: (nil)
2019/08/29-14:19:38.249759 7f2c21214700     Options.sst_file_manager.rate_bytes_per_sec: 0
2019/08/29-14:19:38.249760 7f2c21214700                       Options.wal_recovery_mode: 2
2019/08/29-14:19:38.249762 7f2c21214700                  Options.enable_thread_tracking: 0
2019/08/29-14:19:38.249763 7f2c21214700                  Options.enable_pipelined_write: 0
2019/08/29-14:19:38.249798 7f2c21214700         Options.allow_concurrent_memtable_write: 1
2019/08/29-14:19:38.249800 7f2c21214700      Options.enable_write_thread_adaptive_yield: 1
2019/08/29-14:19:38.249801 7f2c21214700             Options.write_thread_max_yield_usec: 100
2019/08/29-14:19:38.249802 7f2c21214700            Options.write_thread_slow_yield_usec: 3
2019/08/29-14:19:38.249803 7f2c21214700                               Options.row_cache: None
2019/08/29-14:19:38.249805 7f2c21214700                              Options.wal_filter: None
2019/08/29-14:19:38.249806 7f2c21214700             Options.avoid_flush_during_recovery: 0
2019/08/29-14:19:38.249807 7f2c21214700             Options.allow_ingest_behind: 0
2019/08/29-14:19:38.249808 7f2c21214700             Options.preserve_deletes: 0
2019/08/29-14:19:38.249809 7f2c21214700             Options.two_write_queues: 0
2019/08/29-14:19:38.249810 7f2c21214700             Options.manual_wal_flush: 0
2019/08/29-14:19:38.249811 7f2c21214700             Options.max_background_jobs: 8
2019/08/29-14:19:38.249812 7f2c21214700             Options.max_background_compactions: -1
2019/08/29-14:19:38.249813 7f2c21214700             Options.avoid_flush_during_shutdown: 0
2019/08/29-14:19:38.249814 7f2c21214700           Options.writable_file_max_buffer_size: 1048576
2019/08/29-14:19:38.249815 7f2c21214700             Options.delayed_write_rate : 16777216
2019/08/29-14:19:38.249816 7f2c21214700             Options.max_total_wal_size: 0
2019/08/29-14:19:38.249817 7f2c21214700             Options.delete_obsolete_files_period_micros: 21600000000
2019/08/29-14:19:38.249819 7f2c21214700                   Options.stats_dump_period_sec: 600
2019/08/29-14:19:38.249820 7f2c21214700                          Options.max_open_files: -1
2019/08/29-14:19:38.249821 7f2c21214700                          Options.bytes_per_sync: 0
2019/08/29-14:19:38.249822 7f2c21214700                      Options.wal_bytes_per_sync: 0
2019/08/29-14:19:38.249823 7f2c21214700       Options.compaction_readahead_size: 0
2019/08/29-14:19:38.249824 7f2c21214700 Compression algorithms supported:
2019/08/29-14:19:38.249826 7f2c21214700 	kZSTDNotFinalCompression supported: 1
2019/08/29-14:19:38.249828 7f2c21214700 	kZSTD supported: 1
2019/08/29-14:19:38.249829 7f2c21214700 	kXpressCompression supported: 0
2019/08/29-14:19:38.249830 7f2c21214700 	kLZ4HCCompression supported: 1
2019/08/29-14:19:38.249832 7f2c21214700 	kLZ4Compression supported: 1
2019/08/29-14:19:38.249833 7f2c21214700 	kBZip2Compression supported: 1
2019/08/29-14:19:38.249834 7f2c21214700 	kZlibCompression supported: 1
2019/08/29-14:19:38.249835 7f2c21214700 	kSnappyCompression supported: 1
2019/08/29-14:19:38.249837 7f2c21214700 Fast CRC32 supported: Not supported on x86
2019/08/29-14:19:38.258754 7f2c21214700               Options.comparator: leveldb.BytewiseComparator
2019/08/29-14:19:38.258755 7f2c21214700           Options.merge_operator: None
2019/08/29-14:19:38.258757 7f2c21214700        Options.compaction_filter: None
2019/08/29-14:19:38.258758 7f2c21214700        Options.compaction_filter_factory: None
2019/08/29-14:19:38.258759 7f2c21214700         Options.memtable_factory: SkipListFactory
2019/08/29-14:19:38.258761 7f2c21214700            Options.table_factory: BlockBasedTable
2019/08/29-14:19:38.259054 7f2c21214700            table_factory options:   flush_block_policy_factory: FlushBlockBySizePolicyFactory (0x7f2bbc005f80)
  cache_index_and_filter_blocks: 0
  cache_index_and_filter_blocks_with_high_priority: 0
  pin_l0_filter_and_index_blocks_in_cache: 0
  pin_top_level_index_and_filter: 1
  index_type: 0
  hash_index_allow_collision: 1
  checksum: 1
  no_block_cache: 0
  block_cache: 0x7f2bbc007170
  block_cache_name: LRUCache
  block_cache_options:
    capacity : 52428800
    num_shard_bits : 6
    strict_capacity_limit : 0
    high_pri_pool_ratio: 0.000
  block_cache_compressed: (nil)
  persistent_cache: (nil)
  block_size: 4096
  block_size_deviation: 10
  block_restart_interval: 16
  index_block_restart_interval: 1
  metadata_block_size: 4096
  partition_filters: 0
  use_delta_encoding: 1
  filter_policy: rocksdb.BuiltinBloomFilter
  whole_key_filtering: 1
  verify_compression: 0
  read_amp_bytes_per_bit: 0
  format_version: 0
  enable_index_compression: 1
  block_align: 0
2019/08/29-14:19:38.259060 7f2c21214700        Options.write_buffer_size: 16777216
2019/08/29-14:19:38.259062 7f2c21214700  Options.max_write_buffer_number: 3
2019/08/29-14:19:38.259064 7f2c21214700          Options.compression: NoCompression
2019/08/29-14:19:38.259067 7f2c21214700                  Options.bottommost_compression: Disabled
2019/08/29-14:19:38.259068 7f2c21214700       Options.prefix_extractor: nullptr
2019/08/29-14:19:38.259071 7f2c21214700   Options.memtable_insert_with_hint_prefix_extractor: nullptr
2019/08/29-14:19:38.259072 7f2c21214700             Options.num_levels: 7
2019/08/29-14:19:38.259074 7f2c21214700        Options.min_write_buffer_number_to_merge: 1
2019/08/29-14:19:38.259075 7f2c21214700     Options.max_write_buffer_number_to_maintain: 0
2019/08/29-14:19:38.259076 7f2c21214700            Options.bottommost_compression_opts.window_bits: -14
2019/08/29-14:19:38.259077 7f2c21214700                  Options.bottommost_compression_opts.level: 32767
2019/08/29-14:19:38.259078 7f2c21214700               Options.bottommost_compression_opts.strategy: 0
2019/08/29-14:19:38.259080 7f2c21214700         Options.bottommost_compression_opts.max_dict_bytes: 0
2019/08/29-14:19:38.259081 7f2c21214700         Options.bottommost_compression_opts.zstd_max_train_bytes: 0
2019/08/29-14:19:38.259082 7f2c21214700                  Options.bottommost_compression_opts.enabled: false
2019/08/29-14:19:38.259084 7f2c21214700            Options.compression_opts.window_bits: -14
2019/08/29-14:19:38.259086 7f2c21214700                  Options.compression_opts.level: 32767
2019/08/29-14:19:38.259088 7f2c21214700               Options.compression_opts.strategy: 0
2019/08/29-14:19:38.259089 7f2c21214700         Options.compression_opts.max_dict_bytes: 0
2019/08/29-14:19:38.259091 7f2c21214700         Options.compression_opts.zstd_max_train_bytes: 0
2019/08/29-14:19:38.259093 7f2c21214700                  Options.compression_opts.enabled: false
2019/08/29-14:19:38.259094 7f2c21214700      Options.level0_file_num_compaction_trigger: 4
2019/08/29-14:19:38.259095 7f2c21214700          Options.level0_slowdown_writes_trigger: 20
2019/08/29-14:19:38.259096 7f2c21214700              Options.level0_stop_writes_trigger: 36
2019/08/29-14:19:38.259098 7f2c21214700                   Options.target_file_size_base: 67108864
2019/08/29-14:19:38.259099 7f2c21214700             Options.target_file_size_multiplier: 1
2019/08/29-14:19:38.259100 7f2c21214700                Options.max_bytes_for_level_base: 268435456
2019/08/29-14:19:38.259102 7f2c21214700 Options.level_compaction_dynamic_level_bytes: 0
2019/08/29-14:19:38.259103 7f2c21214700          Options.max_bytes_for_level_multiplier: 10.000000
2019/08/29-14:19:38.259106 7f2c21214700 Options.max_bytes_for_level_multiplier_addtl[0]: 1
2019/08/29-14:19:38.259107 7f2c21214700 Options.max_bytes_for_level_multiplier_addtl[1]: 1
2019/08/29-14:19:38.259110 7f2c21214700 Options.max_bytes_for_level_multiplier_addtl[2]: 1
2019/08/29-14:19:38.259111 7f2c21214700 Options.max_bytes_for_level_multiplier_addtl[3]: 1
2019/08/29-14:19:38.259121 7f2c21214700 Options.max_bytes_for_level_multiplier_addtl[4]: 1
2019/08/29-14:19:38.259122 7f2c21214700 Options.max_bytes_for_level_multiplier_addtl[5]: 1
2019/08/29-14:19:38.259124 7f2c21214700 Options.max_bytes_for_level_multiplier_addtl[6]: 1
2019/08/29-14:19:38.259126 7f2c21214700       Options.max_sequential_skip_in_iterations: 8
2019/08/29-14:19:38.259127 7f2c21214700                    Options.max_compaction_bytes: 1677721600
2019/08/29-14:19:38.259129 7f2c21214700                        Options.arena_block_size: 2097152
2019/08/29-14:19:38.259130 7f2c21214700   Options.soft_pending_compaction_bytes_limit: 68719476736
2019/08/29-14:19:38.259131 7f2c21214700   Options.hard_pending_compaction_bytes_limit: 274877906944
2019/08/29-14:19:38.259133 7f2c21214700       Options.rate_limit_delay_max_milliseconds: 100
2019/08/29-14:19:38.259134 7f2c21214700                Options.disable_auto_compactions: 0
2019/08/29-14:19:38.259136 7f2c21214700                        Options.compaction_style: kCompactionStyleUniversal
2019/08/29-14:19:38.259137 7f2c21214700                          Options.compaction_pri: kByCompensatedSize
2019/08/29-14:19:38.259139 7f2c21214700 Options.compaction_options_universal.size_ratio: 1
2019/08/29-14:19:38.259141 7f2c21214700 Options.compaction_options_universal.min_merge_width: 2
2019/08/29-14:19:38.259142 7f2c21214700 Options.compaction_options_universal.max_merge_width: 4294967295
2019/08/29-14:19:38.259144 7f2c21214700 Options.compaction_options_universal.max_size_amplification_percent: 200
2019/08/29-14:19:38.259145 7f2c21214700 Options.compaction_options_universal.compression_size_percent: -1
2019/08/29-14:19:38.259146 7f2c21214700 Options.compaction_options_universal.stop_style: kCompactionStopStyleTotalSize
2019/08/29-14:19:38.259148 7f2c21214700 Options.compaction_options_fifo.max_table_files_size: 1073741824
2019/08/29-14:19:38.259149 7f2c21214700 Options.compaction_options_fifo.allow_compaction: 0
2019/08/29-14:19:38.259150 7f2c21214700 Options.compaction_options_fifo.ttl: 0
2019/08/29-14:19:38.259152 7f2c21214700                   Options.table_properties_collectors: 
2019/08/29-14:19:38.259153 7f2c21214700                   Options.inplace_update_support: 0
2019/08/29-14:19:38.259156 7f2c21214700                 Options.inplace_update_num_locks: 10000
2019/08/29-14:19:38.259157 7f2c21214700               Options.memtable_prefix_bloom_size_ratio: 0.000000
2019/08/29-14:19:38.259159 7f2c21214700   Options.memtable_huge_page_size: 0
2019/08/29-14:19:38.259160 7f2c21214700                           Options.bloom_locality: 0
2019/08/29-14:19:38.259162 7f2c21214700                    Options.max_successive_merges: 0
2019/08/29-14:19:38.259163 7f2c21214700                Options.optimize_filters_for_hits: 0
2019/08/29-14:19:38.259164 7f2c21214700                Options.paranoid_file_checks: 0
2019/08/29-14:19:38.259165 7f2c21214700                Options.force_consistency_checks: 0
2019/08/29-14:19:38.259167 7f2c21214700                Options.report_bg_io_stats: 0
2019/08/29-14:19:38.259168 7f2c21214700                               Options.ttl: 0
